0.0000 0.0000 0.9671 0.0107 0.0298 0.0000 0.0000 0.9972 0.0012 0.0133 0.0000 0.0000 0.9995 0.0001 0.0016 0.0000 0.0000 0.9999 0.0000 0.0001 0.0000 0.0000 1.0000 0.0000 0.0000 0.0000 0.0000 1.0000 0.0000 0.0000 0.0001 0.0000 1.0000 0.0000 0.0000
0.0000 0.0002 0.0963 0.0001 0.9464 0.0000 0.0000 0.0199 0.0000 0.9949 0.0000 0.0000 0.0039 0.0000 0.9997 0.0000 0.0000 0.0009 0.0000 1.0000 0.0000 0.0000 0.0001 0.0000 1.0000 0.0000 0.0000 0.0000 0.0000 1.0000 0.0000 0.0000 0.0000 0.0000 1.0000
0.0000 0.0002 0.7267 0.0004 0.4563 0.0000 0.0000 0.8201 0.0000 0.4162 0.0000 0.0000 0.8730 0.0000 0.5056 0.0000 0.0000 0.9274 0.0000 0.5983 0.0000 0.0000 0.9589 0.0000 0.5798 0.0000 0.0001 0.9655 0.0000 0.5347 0.0000 0.0002 0.9607 0.0000 0.4715
0.0001 0.0000 0.0000 0.9976 0.0008 0.0000 0.0000 0.0000 1.0000 0.0000 0.0000 0.0000 0.0000 1.0000 0.0000 0.0000 0.0000 0.0000 1.0000 0.0000 0.0000 0.0000 0.0000 1.0000 0.0000 0.0000 0.0017 0.0000 1.0000 0.0000 0.0000 0.0339 0.0000 1.0000 0.0000
0.0028 0.0000 0.0000 0.9890 0.0003 0.0000 0.0000 0.0000 1.0000 0.0000 0.0000 0.0000 0.0000 1.0000 0.0000 0.0000 0.0000 0.0000 1.0000 0.0000 0.0000 0.0000 0.0000 1.0000 0.0000 0.0000 0.0000 0.0000 1.0000 0.0000 0.0000 0.0001 0.0000 1.0000 0.0000
0.0000 0.0001 0.0040 0.0007 0.9783 0.0000 0.0000 0.0002 0.0000 0.9990 0.0000 0.0000 0.0000 0.0000 1.0000 0.0000 0.0000 0.0000 0.0000 1.0000 0.0000 0.0000 0.0000 0.0000 1.0000 0.0000 0.0000 0.0000 0.0000 1.0000 0.0000 0.0000 0.0000 0.0000 1.0000
0.0000 0.0001 0.0000 0.0030 0.9988 0.0000 0.0000 0.0000 0.0000 1.0000 0.0000 0.0000 0.0000 0.0000 1.0000 0.0000 0.0000 0.0000 0.0000 1.0000 0.0000 0.0000 0.0000 0.0000 1.0000 0.0000 0.0000 0.0000 0.0000 1.0000 0.0000 0.0000 0.0000 0.0000 1.0000
0.0000 0.0000 0.4156 0.8635 0.0228 0.0000 0.0000 0.8078 0.9389 0.0018 0.0000 0.0000 0.9306 0.9775 0.0001 0.0000 0.0000 0.9489 0.9911 0.0000 0.0000 0.0000 0.9683 0.9976 0.0000 0.0000 0.0000 0.9893 0.9990 0.0000 0.0000 0.0000 0.9980 0.9992 0.0000
0.0000 0.0000 0.0028 0.0477 0.9933 0.0000 0.0000 0.0002 0.0013 0.9998 0.0000 0.0000 0.0000 0.0000 1.0000 0.0000 0.0000 0.0000 0.0000 1.0000 0.0000 0.0000 0.0000 0.0000 1.0000 0.0000 0.0000 0.0000 0.0000 1.0000 0.0000 0.0000 0.0000 0.0000 1.0000
0.0000 0.0000 0.0005 0.2236 0.9628 0.0000 0.0000 0.0000 0.0121 0.9994 0.0000 0.0000 0.0000 0.0005 1.0000 0.0000 0.0000 0.0000 0.0000 1.0000 0.0000 0.0000 0.0000 0.0000 1.0000 0.0000 0.0000 0.0000 0.0000 1.0000 0.0001 0.0000 0.0000 0.0000 1.0000
0.0004 0.0000 0.0000 0.0557 0.9142 0.0000 0.0000 0.0000 0.0280 0.9475 0.0000 0.0000 0.0000 0.0017 0.9890 0.0000 0.0000 0.0000 0.0002 0.9986 0.0000 0.0000 0.0000 0.0000 0.9999 0.0000 0.0000 0.0000 0.0000 1.0000 0.0000 0.0000 0.0000 0.0000 1.0000
0.0000 0.0000 0.9209 0.4414 0.0022 0.0000 0.0000 0.9906 0.3438 0.0003 0.0000 0.0000 0.9993 0.0715 0.0000 0.0000 0.0000 1.0000 0.0032 0.0000 0.0000 0.0000 1.0000 0.0001 0.0000 0.0000 0.0000 1.0000 0.0000 0.0000 0.0000 0.0000 1.0000 0.0000 0.0000
0.0000 0.0000 0.0528 0.0778 0.9165 0.0000 0.0000 0.0982 0.0051 0.9799 0.0000 0.0000 0.0509 0.0001 0.9962 0.0000 0.0000 0.0113 0.0000 0.9997 0.0000 0.0000 0.0032 0.0000 1.0000 0.0000 0.0000 0.0014 0.0000 1.0000 0.0000 0.0000 0.0011 0.0000 1.0000
0.0001 0.0000 0.0000 0.3116 0.6350 0.0000 0.0000 0.0000 0.1240 0.7237 0.0000 0.0000 0.0000 0.0385 0.7055 0.0000 0.0000 0.0000 0.0104 0.8195 0.0000 0.0000 0.0000 0.0026 0.9250 0.0000 0.0000 0.0000 0.0006 0.9695 0.0000 0.0000 0.0000 0.0002 0.9833
0.5572 0.0023 0.0000 0.0000 0.9253 0.4853 0.0001 0.0000 0.0000 0.9968 0.5360 0.0000 0.0000 0.0000 0.9995 0.5430 0.0000 0.0000 0.0000 0.9999 0.5124 0.0000 0.0000 0.0000 1.0000 0.4221 0.0000 0.0000 0.0000 1.0000 0.3447 0.0000 0.0000 0.0000 1.0000
0.8131 0.3174 0.0161 0.0002 0.0010 0.7539 0.4303 0.0065 0.0000 0.0000 0.7529 0.3726 0.0042 0.0000 0.0000 0.8766 0.5141 0.0150 0.0000 0.0000 0.9568 0.4886 0.0687 0.0000 0.0000 0.9699 0.5177 0.3096 0.0000 0.0000 0.9743 0.4545 0.6480 0.0000 0.0000
0.0000 0.0000 0.0018 0.1158 0.9872 0.0000 0.0000 0.0001 0.0075 0.9991 0.0000 0.0000 0.0000 0.0001 1.0000 0.0000 0.0000 0.0000 0.0000 1.0000 0.0000 0.0000 0.0000 0.0000 1.0000 0.0000 0.0000 0.0000 0.0000 1.0000 0.0000 0.0000 0.0000 0.0000 1.0000
0.0000 0.0000 0.1158 0.9474 0.0576 0.0000 0.0000 0.1534 0.9901 0.0053 0.0000 0.0000 0.1302 0.9987 0.0003 0.0000 0.0000 0.0854 0.9999 0.0000 0.0000 0.0000 0.0676 1.0000 0.0000 0.0000 0.0000 0.0723 1.0000 0.0000 0.0000 0.0000 0.1203 1.0000 0.0000
0.0001 0.0000 0.9988 0.0023 0.0026 0.0000 0.0000 1.0000 0.0002 0.0001 0.0000 0.0000 1.0000 0.0000 0.0000 0.0000 0.0000 1.0000 0.0000 0.0000 0.0001 0.0000 1.0000 0.0000 0.0000 0.0001 0.0000 1.0000 0.0000 0.0000 0.0003 0.0000 1.0000 0.0000 0.0000
0.0000 0.0000 0.0301 0.4705 0.2786 0.0000 0.0000 0.0034 0.6285 0.1697 0.0000 0.0000 0.0012 0.7135 0.0564 0.0000 0.0000 0.0003 0.8984 0.0178 0.0000 0.0000 0.0000 0.9915 0.0055 0.0000 0.0000 0.0000 0.9994 0.0020 0.0000 0.0000 0.0000 0.9999 0.0006
0.1049 0.0462 0.3709 0.0000 0.0292 0.0178 0.0031 0.0574 0.0000 0.0256 0.0253 0.0003 0.0063 0.0000 0.0064 0.0481 0.0000 0.0011 0.0000 0.0032 0.0690 0.0000 0.0002 0.0000 0.0060 0.1048 0.0000 0.0000 0.0000 0.0176 0.1256 0.0000 0.0000 0.0000 0.0723
0.0000 0.0000 0.9259 0.0976 0.1067 0.0000 0.0000 0.9823 0.0330 0.0435 0.0000 0.0000 0.9950 0.0075 0.0081 0.0000 0.0000 0.9985 0.0007 0.0023 0.0000 0.0000 0.9995 0.0002 0.0007 0.0000 0.0000 0.9999 0.0000 0.0002 0.0000 0.0000 1.0000 0.0000 0.0001
0.0005 0.0000 0.0023 0.8640 0.0034 0.0000 0.0000 0.0000 0.9965 0.0014 0.0000 0.0000 0.0000 0.9999 0.0003 0.0000 0.0000 0.0000 1.0000 0.0001 0.0000 0.0000 0.0000 1.0000 0.0000 0.0000 0.0000 0.0000 1.0000 0.0000 0.0000 0.0000 0.0000 1.0000 0.0000
0.0000 0.0000 0.5666 0.2287 0.0407 0.0000 0.0000 0.5343 0.1060 0.0270 0.0000 0.0000 0.2138 0.0252 0.0317 0.0000 0.0000 0.1208 0.0063 0.0321 0.0000 0.0000 0.0952 0.0027 0.0297 0.0000 0.0000 0.0374 0.0020 0.0358 0.0000 0.0000 0.0173 0.0024 0.0400
0.2686 0.4724 0.0000 0.0023 0.0547 0.1888 0.3157 0.0000 0.0000 0.1326 0.1971 0.2289 0.0000 0.0000 0.1196 0.3317 0.0788 0.0000 0.0000 0.1381 0.4553 0.0291 0.0000 0.0000 0.1387 0.5855 0.0158 0.0000 0.0000 0.1522 0.6362 0.0105 0.0000 0.0000 0.1842
0.0000 0.0000 0.3447 0.1608 0.3390 0.0000 0.0000 0.1913 0.2315 0.1641 0.0000 0.0000 0.0630 0.2024 0.0559 0.0000 0.0000 0.0192 0.1602 0.0348 0.0000 0.0000 0.0094 0.1827 0.0203 0.0000 0.0000 0.0061 0.2732 0.0129 0.0000 0.0000 0.0047 0.3661 0.0073
0.1704 0.0048 0.7994 0.0000 0.0042 0.0750 0.0000 0.8101 0.0000 0.0001 0.1820 0.0000 0.8426 0.0000 0.0000 0.4296 0.0000 0.8434 0.0000 0.0000 0.5708 0.0000 0.7879 0.0000 0.0000 0.5881 0.0000 0.5843 0.0000 0.0000 0.5302 0.0000 0.2360 0.0000 0.0000
0.0000 0.0000 0.9900 0.0005 0.0647 0.0000 0.0000 0.9989 0.0000 0.0412 0.0000 0.0000 0.9998 0.0000 0.0150 0.0000 0.0000 1.0000 0.0000 0.0030 0.0000 0.0000 1.0000 0.0000 0.0005 0.0000 0.0000 1.0000 0.0000 0.0001 0.0000 0.0000 1.0000 0.0000 0.0001
0.0055 0.8699 0.1458 0.0009 0.0071 0.0004 0.9439 0.0323 0.0000 0.0005 0.0003 0.9419 0.0219 0.0000 0.0000 0.0005 0.9627 0.0434 0.0000 0.0000 0.0014 0.9710 0.2472 0.0000 0.0000 0.0035 0.9783 0.6891 0.0000 0.0000 0.0065 0.9829 0.9309 0.0000 0.0000
0.0000 0.0000 0.0155 0.0418 0.9504 0.0000 0.0000 0.0109 0.0016 0.9910 0.0000 0.0000 0.0043 0.0000 0.9987 0.0000 0.0000 0.0016 0.0000 0.9999 0.0000 0.0000 0.0007 0.0000 1.0000 0.0000 0.0000 0.0004 0.0000 1.0000 0.0000 0.0000 0.0003 0.0000 1.0000
0.0000 0.0000 0.0044 0.9930 0.0258 0.0000 0.0000 0.0000 1.0000 0.0168 0.0000 0.0000 0.0000 1.0000 0.0044 0.0000 0.0000 0.0000 1.0000 0.0002 0.0000 0.0000 0.0000 1.0000 0.0000 0.0000 0.0000 0.0000 1.0000 0.0000 0.0000 0.0000 0.0000 1.0000 0.0000
0.0000 0.0000 0.0000 0.8429 0.2025 0.0000 0.0000 0.0000 0.9936 0.0125 0.0000 0.0000 0.0000 0.9999 0.0002 0.0000 0.0000 0.0000 1.0000 0.0000 0.0000 0.0000 0.0000 1.0000 0.0000 0.0000 0.0000 0.0000 1.0000 0.0000 0.0000 0.0001 0.0000 1.0000 0.0000
0.0000 0.0000 0.0076 0.3029 0.4506 0.0000 0.0000 0.0006 0.7729 0.3435 0.0000 0.0000 0.0001 0.9566 0.1247 0.0000 0.0000 0.0000 0.9935 0.0643 0.0000 0.0000 0.0000 0.9991 0.0250 0.0000 0.0000 0.0000 0.9999 0.0060 0.0000 0.0000 0.0000 1.0000 0.0013
0.0000 0.0000 0.1317 0.2298 0.2714 0.0000 0.0000 0.3313 0.0135 0.4913 0.0000 0.0000 0.4685 0.0002 0.7860 0.0000 0.0000 0.3288 0.0000 0.9619 0.0000 0.0000 0.1714 0.0000 0.9919 0.0000 0.0000 0.0724 0.0000 0.9969 0.0000 0.0000 0.0353 0.0000 0.9982
0.0000 0.0001 0.5858 0.0012 0.2572 0.0000 0.0000 0.6112 0.0000 0.1320 0.0000 0.0000 0.5353 0.0000 0.0863 0.0000 0.0000 0.6182 0.0000 0.0683 0.0000 0.0000 0.7298 0.0000 0.0514 0.0000 0.0000 0.8344 0.0000 0.0338 0.0000 0.0000 0.8960 0.0000 0.0194
0.0000 0.0000 0.0082 0.0132 0.9877 0.0000 0.0000 0.0017 0.0003 0.9997 0.0000 0.0000 0.0001 0.0000 1.0000 0.0000 0.0000 0.0000 0.0000 1.0000 0.0000 0.0000 0.0000 0.0000 1.0000 0.0000 0.0000 0.0000 0.0000 1.0000 0.0001 0.0000 0.0000 0.0000 1.0000
0.0002 0.0000 0.0000 0.8971 0.3109 0.0000 0.0000 0.0000 0.9796 0.2853 0.0000 0.0000 0.0000 0.9916 0.1907 0.0000 0.0000 0.0000 0.9969 0.1080 0.0000 0.0000 0.0000 0.9985 0.0656 0.0000 0.0000 0.0000 0.9997 0.0285 0.0000 0.0000 0.0000 0.9999 0.0084
0.0000 0.0000 0.9551 0.0078 0.1268 0.0000 0.0000 0.9948 0.0001 0.2338 0.0000 0.0000 0.9991 0.0000 0.2868 0.0000 0.0000 0.9997 0.0000 0.3995 0.0000 0.0000 0.9999 0.0000 0.4337 0.0000 0.0000 1.0000 0.0000 0.3779 0.0001 0.0000 1.0000 0.0000 0.2634
0.0001 0.0000 0.0251 0.9604 0.0247 0.0000 0.0000 0.0002 0.9988 0.0123 0.0000 0.0000 0.0000 1.0000 0.0037 0.0000 0.0000 0.0000 1.0000 0.0003 0.0000 0.0000 0.0000 1.0000 0.0000 0.0000 0.0000 0.0000 1.0000 0.0000 0.0000 0.0000 0.0000 1.0000 0.0000
0.0000 0.0000 0.0116 0.2020 0.7426 0.0000 0.0000 0.0038 0.1321 0.7245 0.0000 0.0000 0.0013 0.0246 0.8218 0.0000 0.0000 0.0007 0.0026 0.9400 0.0000 0.0000 0.0008 0.0002 0.9790 0.0000 0.0000 0.0014 0.0000 0.9872 0.0000 0.0000 0.0041 0.0000 0.9859
0.0006 0.0000 0.0000 0.9981 0.0014 0.0000 0.0000 0.0000 1.0000 0.0001 0.0000 0.0000 0.0000 1.0000 0.0000 0.0000 0.0000 0.0000 1.0000 0.0000 0.0000 0.0000 0.0000 1.0000 0.0000 0.0000 0.0002 0.0000 1.0000 0.0000 0.0000 0.0026 0.0000 1.0000 0.0000
0.0000 0.0004 0.8081 0.0002 0.2406 0.0000 0.0000 0.9341 0.0000 0.0716 0.0000 0.0000 0.9790 0.0000 0.0135 0.0000 0.0000 0.9947 0.0000 0.0031 0.0000 0.0000 0.9990 0.0000 0.0004 0.0000 0.0000 0.9997 0.0000 0.0001 0.0000 0.0000 0.9999 0.0000 0.0000
0.9586 0.0001 0.0000 0.0483 0.0002 0.9877 0.0000 0.0000 0.0038 0.0000 0.9947 0.0000 0.0000 0.0002 0.0000 0.9969 0.0000 0.0000 0.0000 0.0000 0.9948 0.0000 0.0000 0.0000 0.0000 0.9905 0.0000 0.0000 0.0000 0.0000 0.9838 0.0000 0.0000 0.0000 0.0001
0.0000 0.0000 0.3077 0.6113 0.1867 0.0000 0.0000 0.8367 0.2809 0.0404 0.0000 0.0000 0.9585 0.0560 0.0089 0.0000 0.0000 0.9796 0.0092 0.0035 0.0000 0.0000 0.9918 0.0015 0.0012 0.0000 0.0000 0.9980 0.0002 0.0003 0.0000 0.0000 0.9996 0.0000 0.0001
0.0000 0.0000 0.0301 0.0198 0.9887 0.0000 0.0000 0.0056 0.0003 0.9996 0.0000 0.0000 0.0006 0.0000 1.0000 0.0000 0.0000 0.0001 0.0000 1.0000 0.0000 0.0000 0.0000 0.0000 1.0000 0.0000 0.0000 0.0000 0.0000 1.0000 0.0000 0.0000 0.0000 0.0000 1.0000
0.0106 0.2634 0.3492 0.0001 0.0052 0.0004 0.1076 0.1096 0.0000 0.0001 0.0002 0.0775 0.0391 0.0000 0.0000 0.0002 0.0685 0.0234 0.0000 0.0000 0.0005 0.0774 0.0184 0.0000 0.0000 0.0008 0.0687 0.0155 0.0000 0.0000 0.0011 0.0767 0.0100 0.0009 0.0000
0.0000 0.0000 0.8860 0.0013 0.1523 0.0000 0.0000 0.9604 0.0000 0.1414 0.0000 0.0000 0.9747 0.0000 0.2012 0.0000 0.0000 0.9853 0.0000 0.2307 0.0000 0.0000 0.9891 0.0000 0.2200 0.0000 0.0000 0.9843 0.0000 0.2363 0.0000 0.0000 0.9723 0.0000 0.2353
0.0010 0.5754 0.5151 0.0061 0.0002 0.0000 0.8731 0.1963 0.0213 0.0000 0.0000 0.9841 0.0137 0.1395 0.0000 0.0000 0.9985 0.0030 0.7643 0.0000 0.0000 0.9997 0.0015 0.9954 0.0000 0.0000 0.9999 0.0009 0.9999 0.0000 0.0000 0.9999 0.0004 1.0000 0.0000
0.0077 0.0000 0.0016 0.9782 0.0001 0.0000 0.0000 0.0000 0.9999 0.0000 0.0000 0.0000 0.0000 1.0000 0.0000 0.0000 0.0000 0.0000 1.0000 0.0000 0.0000 0.0000 0.0000 1.0000 0.0000 0.0000 0.0000 0.0000 1.0000 0.0000 0.0000 0.0000 0.0000 1.0000 0.0000
0.0000 0.0000 0.1225 0.9973 0.0013 0.0000 0.0000 0.0069 1.0000 0.0000 0.0000 0.0000 0.0003 1.0000 0.0000 0.0000 0.0000 0.0000 1.0000 0.0000 0.0000 0.0000 0.0000 1.0000 0.0000 0.0000 0.0000 0.0000 1.0000 0.0000 0.0000 0.0000 0.0000 1.0000 0.0000
0.0000 0.0024 0.9984 0.0002 0.0072 0.0000 0.0001 1.0000 0.0000 0.0000 0.0000 0.0000 1.0000 0.0000 0.0000 0.0000 0.0000 1.0000 0.0000 0.0000 0.0000 0.0000 1.0000 0.0000 0.0000 0.0000 0.0001 1.0000 0.0000 0.0000 0.0000 0.0002 1.0000 0.0000 0.0000
0.2200 0.0125 0.0000 0.0001 0.1375 0.1031 0.0019 0.0000 0.0000 0.0460 0.1555 0.0008 0.0000 0.0000 0.0041 0.3497 0.0005 0.0000 0.0000 0.0004 0.5064 0.0004 0.0000 0.0000 0.0001 0.5926 0.0004 0.0000 0.0000 0.0000 0.6521 0.0005 0.0000 0.0000 0.0000
0.0005 0.0000 0.9243 0.0162 0.0104 0.0000 0.0000 0.9688 0.0011 0.0097 0.0000 0.0000 0.9906 0.0001 0.0031 0.0000 0.0000 0.9987 0.0000 0.0007 0.0001 0.0000 0.9998 0.0000 0.0002 0.0002 0.0000 1.0000 0.0000 0.0001 0.0005 0.0000 1.0000 0.0000 0.0000
0.0002 0.0002 0.9987 0.0007 0.0082 0.0000 0.0000 1.0000 0.0000 0.0015 0.0000 0.0000 1.0000 0.0000 0.0003 0.0000 0.0000 1.0000 0.0000 0.0000 0.0000 0.0000 1.0000 0.0000 0.0000 0.0001 0.0000 1.0000 0.0000 0.0000 0.0009 0.0000 1.0000 0.0000 0.0000
0.0719 0.0492 0.0000 0.2289 0.0974 0.0091 0.0190 0.0000 0.0720 0.0486 0.0015 0.0176 0.0000 0.0101 0.0897 0.0008 0.0138 0.0000 0.0016 0.1965 0.0007 0.0097 0.0000 0.0003 0.3272 0.0008 0.0076 0.0000 0.0001 0.5114 0.0023 0.0071 0.0000 0.0001 0.2623
0.0000 0.0000 0.0000 0.0005 0.9976 0.0000 0.0000 0.0000 0.0000 0.9999 0.0000 0.0000 0.0000 0.0000 1.0000 0.0000 0.0000 0.0000 0.0000 1.0000 0.0000 0.0000 0.0000 0.0000 1.0000 0.0000 0.0000 0.0000 0.0000 1.0000 0.0000 0.0000 0.0000 0.0000 1.0000
0.0006 0.0000 0.0000 0.9125 0.1075 0.0000 0.0000 0.0000 0.9754 0.0537 0.0000 0.0000 0.0000 0.9983 0.0035 0.0000 0.0000 0.0000 0.9999 0.0002 0.0000 0.0000 0.0000 1.0000 0.0000 0.0000 0.0000 0.0000 1.0000 0.0000 0.0000 0.0000 0.0000 1.0000 0.0000
0.0000 0.9484 0.0098 0.0003 0.0385 0.0000 0.9969 0.0005 0.0000 0.0045 0.0000 0.9993 0.0000 0.0000 0.0008 0.0000 0.9996 0.0000 0.0000 0.0003 0.0000 0.9997 0.0000 0.0000 0.0002 0.0000 0.9998 0.0000 0.0000 0.0001 0.0000 0.9999 0.0000 0.0000 0.0002
0.0000 0.0000 0.0133 0.0608 0.9453 0.0000 0.0000 0.0070 0.0020 0.9946 0.0000 0.0000 0.0022 0.0000 0.9996 0.0000 0.0000 0.0005 0.0000 1.0000 0.0000 0.0000 0.0002 0.0000 1.0000 0.0000 0.0000 0.0001 0.0000 1.0000 0.0000 0.0000 0.0000 0.0000 1.0000
0.0003 0.0000 0.0000 0.7396 0.4811 0.0000 0.0000 0.0000 0.9195 0.3960 0.0000 0.0000 0.0000 0.9875 0.0633 0.0000 0.0000 0.0000 0.9990 0.0067 0.0000 0.0000 0.0000 1.0000 0.0010 0.0000 0.0000 0.0000 1.0000 0.0001 0.0000 0.0000 0.0000 1.0000 0.0000
0.0000 0.0000 0.8572 0.6282 0.0197 0.0000 0.0000 0.9125 0.9468 0.0007 0.0000 0.0000 0.9375 0.9948 0.0000 0.0000 0.0000 0.9603 0.9996 0.0000 0.0000 0.0000 0.9685 1.0000 0.0000 0.0000 0.0000 0.9748 1.0000 0.0000 0.0000 0.0000 0.9687 1.0000 0.0000
0.6040 0.0071 0.0018 0.0035 0.0055 0.4400 0.0005 0.0000 0.0001 0.0005 0.4529 0.0001 0.0000 0.0000 0.0001 0.5802 0.0000 0.0000 0.0000 0.0000 0.8267 0.0000 0.0000 0.0000 0.0000 0.9557 0.0000 0.0000 0.0000 0.0000 0.9814 0.0000 0.0000 0.0000 0.0000
0.0018 0.1093 0.0000 0.0000 0.9634 0.0002 0.0117 0.0000 0.0000 0.9983 0.0002 0.0005 0.0000 0.0000 0.9998 0.0005 0.0000 0.0000 0.0000 1.0000 0.0009 0.0000 0.0000 0.0000 1.0000 0.0015 0.0000 0.0000 0.0000 1.0000 0.0018 0.0000 0.0000 0.0000 1.0000
0.0001 0.0000 0.2536 0.6319 0.0704 0.0000 0.0000 0.0451 0.7450 0.0353 0.0000 0.0000 0.0010 0.8859 0.0511 0.0000 0.0000 0.0000 0.9658 0.0737 0.0000 0.0000 0.0000 0.9927 0.0219 0.0000 0.0000 0.0000 0.9985 0.0022 0.0000 0.0000 0.0000 0.9999 0.0004
0.0000 0.0000 0.0086 0.0902 0.9149 0.0000 0.0000 0.0036 0.0033 0.9801 0.0000 0.0000 0.0013 0.0001 0.9979 0.0000 0.0000 0.0004 0.0000 0.9999 0.0000 0.0000 0.0001 0.0000 1.0000 0.0000 0.0000 0.0000 0.0000 1.0000 0.0000 0.0000 0.0000 0.0000 1.0000
0.0000 0.0000 0.1313 0.2190 0.0556 0.0000 0.0000 0.0142 0.5541 0.0753 0.0000 0.0000 0.0024 0.8547 0.0263 0.0000 0.0000 0.0005 0.9398 0.0124 0.0000 0.0000 0.0002 0.9858 0.0056 0.0000 0.0000 0.0001 0.9962 0.0020 0.0000 0.0000 0.0001 0.9992 0.0007
0.0002 0.0421 0.0000 0.0000 0.9965 0.0000 0.0156 0.0000 0.0000 0.9999 0.0000 0.0034 0.0000 0.0000 1.0000 0.0000 0.0004 0.0000 0.0000 1.0000 0.0000 0.0001 0.0000 0.0000 1.0000 0.0000 0.0000 0.0000 0.0000 1.0000 0.0000 0.0000 0.0000 0.0000 1.0000
0.0006 0.0000 0.0000 0.9146 0.0840 0.0000 0.0000 0.0000 0.9916 0.0141 0.0000 0.0000 0.0000 0.9997 0.0005 0.0000 0.0000 0.0000 1.0000 0.0000 0.0000 0.0000 0.0000 1.0000 0.0000 0.0000 0.0000 0.0000 1.0000 0.0000 0.0000 0.0000 0.0000 1.0000 0.0000
0.0000 0.0001 0.4734 0.0001 0.7707 0.0000 0.0000 0.4588 0.0000 0.8073 0.0000 0.0000 0.3986 0.0000 0.9052 0.0000 0.0000 0.3219 0.0000 0.9566 0.0000 0.0000 0.2918 0.0000 0.9565 0.0000 0.0000 0.3271 0.0000 0.9189 0.0000 0.0000 0.3301 0.0000 0.8344
0.3199 0.0001 0.0000 0.9747 0.0001 0.1072 0.0000 0.0000 0.9995 0.0000 0.0261 0.0000 0.0000 1.0000 0.0000 0.0075 0.0000 0.0000 1.0000 0.0000 0.0016 0.0000 0.0000 1.0000 0.0000 0.0005 0.0004 0.0000 1.0000 0.0000 0.0002 0.0156 0.0000 1.0000 0.0000
0.0000 0.0008 0.9899 0.0001 0.0364 0.0000 0.0000 0.9993 0.0000 0.0019 0.0000 0.0000 1.0000 0.0000 0.0000 0.0000 0.0000 1.0000 0.0000 0.0000 0.0000 0.0000 1.0000 0.0000 0.0000 0.0000 0.0000 1.0000 0.0000 0.0000 0.0000 0.0000 1.0000 0.0000 0.0000
0.0001 0.0000 0.0000 0.9554 0.0302 0.0000 0.0000 0.0000 0.9999 0.0101 0.0000 0.0000 0.0000 1.0000 0.0004 0.0000 0.0000 0.0000 1.0000 0.0000 0.0000 0.0000 0.0000 1.0000 0.0000 0.0000 0.0000 0.0000 1.0000 0.0000 0.0000 0.0002 0.0000 1.0000 0.0000
0.0004 0.0000 0.0000 0.9966 0.0219 0.0000 0.0000 0.0000 1.0000 0.0002 0.0000 0.0000 0.0000 1.0000 0.0000 0.0000 0.0000 0.0000 1.0000 0.0000 0.0000 0.0000 0.0000 1.0000 0.0000 0.0000 0.0000 0.0000 1.0000 0.0000 0.0000 0.0001 0.0000 1.0000 0.0000
0.0000 0.0001 0.0000 0.0013 0.9993 0.0000 0.0000 0.0000 0.0000 1.0000 0.0000 0.0000 0.0000 0.0000 1.0000 0.0000 0.0000 0.0000 0.0000 1.0000 0.0000 0.0000 0.0000 0.0000 1.0000 0.0000 0.0000 0.0000 0.0000 1.0000 0.0000 0.0000 0.0000 0.0000 1.0000
0.0000 0.0000 0.0000 0.9884 0.0319 0.0000 0.0000 0.0000 0.9999 0.0014 0.0000 0.0000 0.0000 1.0000 0.0000 0.0000 0.0000 0.0000 1.0000 0.0000 0.0000 0.0000 0.0000 1.0000 0.0000 0.0000 0.0000 0.0000 1.0000 0.0000 0.0000 0.0001 0.0000 1.0000 0.0000
0.0000 0.0000 0.6525 0.1305 0.4089 0.0000 0.0000 0.9758 0.0018 0.5306 0.0000 0.0000 0.9960 0.0000 0.7475 0.0000 0.0000 0.9985 0.0000 0.9041 0.0000 0.0000 0.9994 0.0000 0.9256 0.0000 0.0000 0.9997 0.0000 0.8460 0.0003 0.0000 0.9999 0.0000 0.4803
0.9448 0.0031 0.0000 0.0000 0.2826 0.9779 0.0002 0.0000 0.0000 0.3484 0.9834 0.0000 0.0000 0.0000 0.3603 0.9821 0.0000 0.0000 0.0000 0.2390 0.9816 0.0000 0.0000 0.0000 0.2662 0.9783 0.0000 0.0000 0.0000 0.2635 0.9789 0.0000 0.0000 0.0000 0.1785
0.0000 0.0001 0.0000 0.0026 0.9937 0.0000 0.0000 0.0000 0.0001 0.9999 0.0000 0.0000 0.0000 0.0000 1.0000 0.0000 0.0000 0.0000 0.0000 1.0000 0.0000 0.0000 0.0000 0.0000 1.0000 0.0000 0.0000 0.0000 0.0000 1.0000 0.0000 0.0000 0.0000 0.0000 1.0000
0.0000 0.0000 0.0000 0.7663 0.4987 0.0000 0.0000 0.0000 0.9810 0.1865 0.0000 0.0000 0.0000 0.9995 0.0078 0.0000 0.0000 0.0000 1.0000 0.0004 0.0000 0.0000 0.0000 1.0000 0.0000 0.0000 0.0000 0.0000 1.0000 0.0000 0.0000 0.0000 0.0000 1.0000 0.0000
0.0001 0.0000 0.0000 0.0532 0.9775 0.0000 0.0000 0.0000 0.0045 0.9986 0.0000 0.0000 0.0000 0.0001 0.9999 0.0000 0.0000 0.0000 0.0000 1.0000 0.0000 0.0000 0.0000 0.0000 1.0000 0.0000 0.0000 0.0000 0.0000 1.0000 0.0002 0.0000 0.0000 0.0000 1.0000
0.0000 0.0000 0.0065 0.6072 0.4675 0.0000 0.0000 0.0013 0.5677 0.3036 0.0000 0.0000 0.0005 0.5311 0.2052 0.0000 0.0000 0.0002 0.6052 0.1658 0.0000 0.0000 0.0001 0.7895 0.1087 0.0000 0.0000 0.0001 0.9299 0.0530 0.0000 0.0000 0.0000 0.9763 0.0236
0.0000 0.0001 0.0000 0.0033 0.9986 0.0000 0.0000 0.0000 0.0001 1.0000 0.0000 0.0000 0.0000 0.0000 1.0000 0.0000 0.0000 0.0000 0.0000 1.0000 0.0000 0.0000 0.0000 0.0000 1.0000 0.0000 0.0000 0.0000 0.0000 1.0000 0.0000 0.0000 0.0000 0.0000 1.0000
0.0000 0.0000 0.0000 0.0091 0.9746 0.0000 0.0000 0.0000 0.0010 0.9971 0.0000 0.0000 0.0000 0.0001 0.9997 0.0000 0.0000 0.0000 0.0000 1.0000 0.0000 0.0000 0.0000 0.0000 1.0000 0.0000 0.0000 0.0000 0.0000 1.0000 0.0000 0.0000 0.0000 0.0000 1.0000
0.1327 0.5081 0.0000 0.0020 0.1163 0.0645 0.6742 0.0000 0.0000 0.1152 0.0584 0.5846 0.0000 0.0000 0.1065 0.0403 0.5540 0.0000 0.0000 0.1652 0.0347 0.5111 0.0000 0.0000 0.2062 0.0299 0.5490 0.0000 0.0000 0.2688 0.0210 0.5954 0.0000 0.0000 0.4485
0.0000 0.0000 0.0000 0.0584 0.8897 0.0000 0.0000 0.0000 0.0137 0.9514 0.0000 0.0000 0.0000 0.0020 0.9715 0.0000 0.0000 0.0000 0.0002 0.9948 0.0000 0.0000 0.0000 0.0000 0.9995 0.0000 0.0000 0.0000 0.0000 0.9999 0.0000 0.0000 0.0000 0.0000 1.0000
0.5699 0.0107 0.0000 0.0000 0.7932 0.6950 0.0004 0.0000 0.0000 0.9756 0.8100 0.0000 0.0000 0.0000 0.9922 0.8095 0.0000 0.0000 0.0000 0.9976 0.7340 0.0000 0.0000 0.0000 0.9995 0.6003 0.0000 0.0000 0.0000 0.9999 0.4297 0.0000 0.0000 0.0000 1.0000
0.0001 0.0000 0.0000 0.0157 0.9941 0.0000 0.0000 0.0000 0.0004 0.9999 0.0000 0.0000 0.0000 0.0000 1.0000 0.0000 0.0000 0.0000 0.0000 1.0000 0.0000 0.0000 0.0000 0.0000 1.0000 0.0000 0.0000 0.0000 0.0000 1.0000 0.0001 0.0000 0.0000 0.0000 1.0000
0.0000 0.0000 0.0003 0.3458 0.8896 0.0000 0.0000 0.0000 0.4931 0.8933 0.0000 0.0000 0.0000 0.6579 0.9426 0.0000 0.0000 0.0000 0.8147 0.9837 0.0000 0.0000 0.0000 0.8749 0.9940 0.0000 0.0000 0.0000 0.9122 0.9968 0.0000 0.0000 0.0000 0.9286 0.9975
0.0038 0.0000 0.0001 0.9433 0.0578 0.0001 0.0000 0.0000 0.9634 0.0230 0.0000 0.0000 0.0000 0.9899 0.0045 0.0000 0.0000 0.0000 0.9987 0.0003 0.0000 0.0000 0.0000 0.9999 0.0001 0.0000 0.0000 0.0000 1.0000 0.0000 0.0000 0.0000 0.0000 1.0000 0.0000
0.0000 0.0004 0.0000 0.0064 0.9972 0.0000 0.0000 0.0000 0.0003 0.9999 0.0000 0.0000 0.0000 0.0000 1.0000 0.0000 0.0000 0.0000 0.0000 1.0000 0.0000 0.0000 0.0000 0.0000 1.0000 0.0000 0.0000 0.0000 0.0000 1.0000 0.0000 0.0000 0.0000 0.0000 1.0000
0.0000 0.0001 0.0145 0.0005 0.8991 0.0000 0.0000 0.0008 0.0000 0.9842 0.0000 0.0000 0.0000 0.0000 0.9995 0.0000 0.0000 0.0000 0.0000 1.0000 0.0000 0.0000 0.0000 0.0000 1.0000 0.0000 0.0000 0.0000 0.0000 1.0000 0.0000 0.0000 0.0000 0.0000 1.0000
0.0000 0.0003 0.4683 0.0003 0.3674 0.0000 0.0000 0.4478 0.0000 0.1404 0.0000 0.0000 0.3900 0.0000 0.1088 0.0000 0.0000 0.4761 0.0000 0.0720 0.0000 0.0000 0.6407 0.0000 0.0336 0.0000 0.0001 0.7404 0.0000 0.0139 0.0000 0.0001 0.7980 0.0000 0.0057
0.0001 0.0000 0.0000 0.9926 0.0657 0.0000 0.0000 0.0000 0.9999 0.0060 0.0000 0.0000 0.0000 1.0000 0.0003 0.0000 0.0000 0.0000 1.0000 0.0000 0.0000 0.0000 0.0000 1.0000 0.0000 0.0000 0.0000 0.0000 1.0000 0.0000 0.0000 0.0000 0.0000 1.0000 0.0000
0.0000 0.0000 0.0034 0.0431 0.9550 0.0000 0.0000 0.0007 0.0030 0.9912 0.0000 0.0000 0.0002 0.0001 0.9990 0.0000 0.0000 0.0000 0.0000 0.9999 0.0000 0.0000 0.0000 0.0000 1.0000 0.0000 0.0000 0.0000 0.0000 1.0000 0.0000 0.0000 0.0000 0.0000 1.0000
0.0053 0.0003 0.0256 0.9969 0.0001 0.0001 0.0000 0.0002 1.0000 0.0000 0.0000 0.0000 0.0000 1.0000 0.0000 0.0000 0.0000 0.0000 1.0000 0.0000 0.0000 0.0000 0.0000 1.0000 0.0000 0.0000 0.0001 0.0000 1.0000 0.0000 0.0000 0.0016 0.0000 1.0000 0.0000
0.0257 0.6999 0.0000 0.0031 0.0394 0.0022 0.6089 0.0000 0.0001 0.0600 0.0007 0.6244 0.0000 0.0000 0.0239 0.0008 0.4745 0.0000 0.0000 0.0162 0.0011 0.3472 0.0000 0.0000 0.0103 0.0024 0.3031 0.0000 0.0000 0.0074 0.0040 0.2822 0.0000 0.0000 0.0064
0.0001 0.0000 0.0015 0.0458 0.9125 0.0000 0.0000 0.0001 0.0015 0.9939 0.0000 0.0000 0.0000 0.0000 0.9996 0.0000 0.0000 0.0000 0.0000 1.0000 0.0000 0.0000 0.0000 0.0000 1.0000 0.0001 0.0000 0.0000 0.0000 1.0000 0.0002 0.0000 0.0000 0.0000 1.0000
0.0019 0.1993 0.9236 0.0002 0.0055 0.0000 0.0450 0.9768 0.0000 0.0064 0.0000 0.0082 0.9857 0.0000 0.0077 0.0000 0.0048 0.9721 0.0000 0.0072 0.0001 0.0044 0.9195 0.0000 0.0058 0.0003 0.0042 0.8421 0.0000 0.0040 0.0008 0.0034 0.6331 0.0000 0.0051
0.0000 0.0000 0.0000 0.9929 0.0412 0.0000 0.0000 0.0000 0.9999 0.0018 0.0000 0.0000 0.0000 1.0000 0.0000 0.0000 0.0000 0.0000 1.0000 0.0000 0.0000 0.0000 0.0000 1.0000 0.0000 0.0000 0.0002 0.0000 1.0000 0.0000 0.0000 0.0044 0.0000 1.0000 0.0000
0.0000 0.0002 0.0000 0.0026 0.9966 0.0000 0.0000 0.0000 0.0000 0.9999 0.0000 0.0000 0.0000 0.0000 1.0000 0.0000 0.0000 0.0000 0.0000 1.0000 0.0000 0.0000 0.0000 0.0000 1.0000 0.0000 0.0000 0.0000 0.0000 1.0000 0.0000 0.0000 0.0000 0.0000 1.0000
0.0000 0.0004 0.9571 0.0002 0.0535 0.0000 0.0000 0.9949 0.0000 0.0054 0.0000 0.0000 0.9993 0.0000 0.0007 0.0000 0.0000 0.9999 0.0000 0.0001 0.0000 0.0001 1.0000 0.0000 0.0000 0.0000 0.0002 1.0000 0.0000 0.0000 0.0000 0.0004 1.0000 0.0000 0.0000
0.0000 0.0000 0.0101 0.0119 0.9688 0.0000 0.0000 0.0022 0.0003 0.9971 0.0000 0.0000 0.0003 0.0000 0.9999 0.0000 0.0000 0.0001 0.0000 1.0000 0.0000 0.0000 0.0000 0.0000 1.0000 0.0000 0.0000 0.0000 0.0000 1.0000 0.0000 0.0000 0.0000 0.0000 1.0000
0.0004 0.9990 0.0012 0.0097 0.0015 0.0000 1.0000 0.0000 0.0070 0.0000 0.0000 1.0000 0.0000 0.0088 0.0000 0.0000 1.0000 0.0000 0.0227 0.0000 0.0000 1.0000 0.0000 0.1199 0.0000 0.0000 1.0000 0.0000 0.5083 0.0000 0.0000 1.0000 0.0000 0.9091 0.0000
0.0000 0.0000 0.9675 0.0757 0.0038 0.0000 0.0000 0.9983 0.0295 0.0005 0.0000 0.0000 0.9998 0.0031 0.0000 0.0000 0.0000 1.0000 0.0003 0.0000 0.0000 0.0000 1.0000 0.0001 0.0000 0.0000 0.0000 1.0000 0.0001 0.0000 0.0000 0.0000 1.0000 0.0001 0.0000
0.1134 0.7153 0.0000 0.0024 0.0341 0.0851 0.7766 0.0000 0.0001 0.0008 0.0997 0.8575 0.0000 0.0000 0.0000 0.1878 0.9181 0.0000 0.0000 0.0000 0.3004 0.9621 0.0000 0.0000 0.0000 0.4203 0.9754 0.0004 0.0000 0.0000 0.5034 0.9800 0.0154 0.0000 0.0000
0.1682 0.7507 0.0000 0.0196 0.0615 0.0574 0.9567 0.0000 0.0014 0.0154 0.0266 0.9914 0.0000 0.0001 0.0075 0.0197 0.9960 0.0000 0.0000 0.0035 0.0176 0.9972 0.0000 0.0000 0.0022 0.0190 0.9979 0.0000 0.0000 0.0010 0.0191 0.9986 0.0000 0.0000 0.0006
0.0000 0.0000 0.6089 0.1779 0.0506 0.0000 0.0000 0.7550 0.1667 0.0184 0.0000 0.0000 0.7337 0.0769 0.0042 0.0000 0.0000 0.7417 0.0380 0.0008 0.0000 0.0000 0.8242 0.0193 0.0002 0.0000 0.0000 0.9196 0.0115 0.0001 0.0000 0.0000 0.9681 0.0075 0.0000
0.0002 0.0000 0.0000 0.1267 0.9541 0.0000 0.0000 0.0000 0.0239 0.9941 0.0000 0.0000 0.0000 0.0018 0.9988 0.0000 0.0000 0.0000 0.0001 0.9999 0.0000 0.0000 0.0000 0.0000 1.0000 0.0000 0.0000 0.0000 0.0000 1.0000 0.0002 0.0000 0.0000 0.0000 1.0000
0.0001 0.0000 0.6929 0.8031 0.0042 0.0000 0.0000 0.9135 0.7432 0.0000 0.0000 0.0000 0.9860 0.9191 0.0000 0.0000 0.0000 0.9994 0.9742 0.0000 0.0000 0.0000 1.0000 0.9877 0.0000 0.0000 0.0000 1.0000 0.9872 0.0000 0.0000 0.0000 1.0000 0.9773 0.0000
0.0002 0.0000 0.0000 0.0848 0.9359 0.0000 0.0000 0.0000 0.0066 0.9925 0.0000 0.0000 0.0000 0.0002 0.9991 0.0000 0.0000 0.0000 0.0000 1.0000 0.0000 0.0000 0.0000 0.0000 1.0000 0.0000 0.0000 0.0000 0.0000 1.0000 0.0001 0.0000 0.0000 0.0000 1.0000
0.0001 0.0000 0.0004 0.9966 0.0040 0.0000 0.0000 0.0000 1.0000 0.0013 0.0000 0.0000 0.0000 1.0000 0.0002 0.0000 0.0000 0.0000 1.0000 0.0000 0.0000 0.0000 0.0000 1.0000 0.0000 0.0000 0.0000 0.0000 1.0000 0.0000 0.0000 0.0000 0.0000 1.0000 0.0000
0.0000 0.0000 0.0562 0.2287 0.7221 0.0000 0.0000 0.0925 0.0286 0.8068 0.0000 0.0000 0.1027 0.0015 0.8423 0.0000 0.0000 0.0786 0.0000 0.9505 0.0000 0.0000 0.0743 0.0000 0.9849 0.0000 0.0000 0.0849 0.0000 0.9925 0.0000 0.0000 0.1166 0.0000 0.9932
0.0000 0.0001 0.0000 0.0040 0.9974 0.0000 0.0000 0.0000 0.0002 0.9999 0.0000 0.0000 0.0000 0.0000 1.0000 0.0000 0.0000 0.0000 0.0000 1.0000 0.0000 0.0000 0.0000 0.0000 1.0000 0.0000 0.0000 0.0000 0.0000 1.0000 0.0000 0.0000 0.0000 0.0000 1.0000
0.0000 0.0000 0.0571 0.1200 0.8507 0.0000 0.0000 0.0098 0.0204 0.9771 0.0000 0.0000 0.0014 0.0012 0.9961 0.0000 0.0000 0.0003 0.0000 0.9997 0.0000 0.0000 0.0001 0.0000 1.0000 0.0000 0.0000 0.0000 0.0000 1.0000 0.0000 0.0000 0.0000 0.0000 1.0000
0.5187 0.1279 0.0000 0.0064 0.1692 0.5275 0.0429 0.0000 0.0001 0.1489 0.4357 0.0089 0.0000 0.0000 0.3589 0.3342 0.0034 0.0000 0.0000 0.5703 0.2705 0.0014 0.0000 0.0000 0.7493 0.1764 0.0008 0.0000 0.0000 0.9232 0.0860 0.0006 0.0000 0.0000 0.9858
0.0012 0.0000 0.9962 0.0013 0.0172 0.0001 0.0000 0.9999 0.0000 0.0076 0.0005 0.0000 1.0000 0.0000 0.0010 0.0030 0.0000 1.0000 0.0000 0.0003 0.0053 0.0000 1.0000 0.0000 0.0001 0.0154 0.0000 1.0000 0.0000 0.0000 0.0571 0.0000 1.0000 0.0000 0.0000
0.9891 0.0000 0.0000 0.0026 0.2498 0.9995 0.0000 0.0000 0.0000 0.4412 0.9999 0.0000 0.0000 0.0000 0.3693 1.0000 0.0000 0.0000 0.0000 0.3779 1.0000 0.0000 0.0000 0.0000 0.3645 1.0000 0.0000 0.0000 0.0000 0.3651 0.9999 0.0000 0.0000 0.0000 0.4187
0.0000 0.0000 0.9973 0.0022 0.0016 0.0000 0.0000 1.0000 0.0001 0.0001 0.0000 0.0000 1.0000 0.0000 0.0000 0.0000 0.0000 1.0000 0.0000 0.0000 0.0000 0.0000 1.0000 0.0000 0.0000 0.0000 0.0000 1.0000 0.0000 0.0000 0.0000 0.0000 1.0000 0.0000 0.0000
0.0000 0.0003 0.1145 0.0001 0.9484 0.0000 0.0000 0.0184 0.0000 0.9962 0.0000 0.0000 0.0034 0.0000 0.9998 0.0000 0.0000 0.0006 0.0000 1.0000 0.0000 0.0000 0.0001 0.0000 1.0000 0.0000 0.0000 0.0000 0.0000 1.0000 0.0000 0.0000 0.0000 0.0000 1.0000
0.0001 0.0000 0.0000 0.2299 0.7233 0.0000 0.0000 0.0000 0.1353 0.7704 0.0000 0.0000 0.0000 0.0515 0.7433 0.0000 0.0000 0.0000 0.0123 0.8374 0.0000 0.0000 0.0000 0.0025 0.9382 0.0000 0.0000 0.0000 0.0004 0.9763 0.0000 0.0000 0.0000 0.0001 0.9881
0.0001 0.7781 0.1328 0.0000 0.0045 0.0000 0.8426 0.0396 0.0000 0.0002 0.0000 0.9192 0.0212 0.0000 0.0000 0.0000 0.9675 0.0218 0.0000 0.0000 0.0000 0.9892 0.0247 0.0000 0.0000 0.0000 0.9958 0.0192 0.0000 0.0000 0.0000 0.9983 0.0106 0.0000 0.0000
0.0000 0.0000 0.0726 0.2501 0.3154 0.0000 0.0000 0.1377 0.0120 0.7234 0.0000 0.0000 0.0759 0.0003 0.9638 0.0000 0.0000 0.0226 0.0000 0.9978 0.0000 0.0000 0.0024 0.0000 0.9999 0.0000 0.0000 0.0002 0.0000 1.0000 0.0000 0.0000 0.0000 0.0000 1.0000
0.0000 0.0000 0.0056 0.0385 0.9924 0.0000 0.0000 0.0003 0.0016 0.9997 0.0000 0.0000 0.0000 0.0000 1.0000 0.0000 0.0000 0.0000 0.0000 1.0000 0.0000 0.0000 0.0000 0.0000 1.0000 0.0000 0.0000 0.0000 0.0000 1.0000 0.0000 0.0000 0.0000 0.0000 1.0000
0.2442 0.0880 0.0000 0.0000 0.8233 0.1517 0.0166 0.0000 0.0000 0.9911 0.1171 0.0012 0.0000 0.0000 0.9988 0.0722 0.0001 0.0000 0.0000 0.9998 0.0412 0.0000 0.0000 0.0000 1.0000 0.0212 0.0000 0.0000 0.0000 1.0000 0.0113 0.0000 0.0000 0.0000 1.0000
0.0000 0.0001 0.0000 0.0015 0.9973 0.0000 0.0000 0.0000 0.0000 0.9999 0.0000 0.0000 0.0000 0.0000 1.0000 0.0000 0.0000 0.0000 0.0000 1.0000 0.0000 0.0000 0.0000 0.0000 1.0000 0.0000 0.0000 0.0000 0.0000 1.0000 0.0000 0.0000 0.0000 0.0000 1.0000
0.0849 0.8007 0.0000 0.0000 0.4919 0.0416 0.9594 0.0000 0.0000 0.4807 0.0296 0.9618 0.0000 0.0000 0.3778 0.0132 0.9545 0.0000 0.0000 0.4516 0.0075 0.9314 0.0000 0.0000 0.6089 0.0045 0.9279 0.0000 0.0000 0.7742 0.0024 0.9341 0.0000 0.0000 0.8977
0.0176 0.8350 0.0489 0.0000 0.0128 0.0012 0.9054 0.0556 0.0000 0.0020 0.0005 0.9146 0.0182 0.0000 0.0004 0.0005 0.9187 0.0067 0.0000 0.0001 0.0005 0.9336 0.0044 0.0000 0.0001 0.0007 0.9468 0.0036 0.0000 0.0001 0.0007 0.9509 0.0027 0.0000 0.0002
0.0027 0.0000 0.7285 0.5282 0.0001 0.0001 0.0000 0.6504 0.9265 0.0000 0.0000 0.0000 0.8934 0.9430 0.0000 0.0000 0.0000 0.9669 0.9805 0.0000 0.0000 0.0000 0.9892 0.9949 0.0000 0.0000 0.0000 0.9983 0.9981 0.0000 0.0000 0.0000 0.9998 0.9985 0.0000
0.9941 0.0000 0.0000 0.0053 0.0088 0.9995 0.0000 0.0000 0.0001 0.0033 0.9999 0.0000 0.0000 0.0000 0.0011 1.0000 0.0000 0.0000 0.0000 0.0003 1.0000 0.0000 0.0000 0.0000 0.0001 1.0000 0.0000 0.0000 0.0000 0.0001 1.0000 0.0000 0.0000 0.0000 0.0001
0.9645 0.0000 0.0000 0.0034 0.0495 0.9963 0.0000 0.0000 0.0001 0.0503 0.9992 0.0000 0.0000 0.0000 0.0251 0.9996 0.0000 0.0000 0.0000 0.0097 0.9996 0.0000 0.0000 0.0000 0.0032 0.9995 0.0000 0.0000 0.0000 0.0012 0.9994 0.0000 0.0000 0.0000 0.0005
0.0001 0.0000 0.0000 0.9868 0.0045 0.0000 0.0000 0.0000 0.9999 0.0001 0.0000 0.0000 0.0000 1.0000 0.0000 0.0000 0.0000 0.0000 1.0000 0.0000 0.0000 0.0000 0.0000 1.0000 0.0000 0.0000 0.0000 0.0000 1.0000 0.0000 0.0000 0.0000 0.0000 1.0000 0.0000
0.0000 0.0001 0.6608 0.0008 0.1337 0.0000 0.0000 0.7843 0.0000 0.0497 0.0000 0.0000 0.8683 0.0000 0.0164 0.0000 0.0000 0.9430 0.0000 0.0091 0.0000 0.0000 0.9794 0.0000 0.0041 0.0000 0.0000 0.9934 0.0000 0.0014 0.0000 0.0000 0.9973 0.0000 0.0004
0.0000 0.0000 0.0000 0.9851 0.0254 0.0000 0.0000 0.0000 0.9998 0.0017 0.0000 0.0000 0.0000 1.0000 0.0000 0.0000 0.0000 0.0000 1.0000 0.0000 0.0000 0.0000 0.0000 1.0000 0.0000 0.0000 0.0002 0.0000 1.0000 0.0000 0.0000 0.0039 0.0000 1.0000 0.0000
0.0000 0.0000 0.0142 0.9772 0.0077 0.0000 0.0000 0.0006 0.9994 0.0004 0.0000 0.0000 0.0001 1.0000 0.0000 0.0000 0.0000 0.0000 1.0000 0.0000 0.0000 0.0000 0.0000 1.0000 0.0000 0.0000 0.0000 0.0000 1.0000 0.0000 0.0000 0.0000 0.0000 1.0000 0.0000
0.0000 0.0000 0.0022 0.1012 0.9635 0.0000 0.0000 0.0002 0.0160 0.9915 0.0000 0.0000 0.0000 0.0005 0.9992 0.0000 0.0000 0.0000 0.0000 1.0000 0.0000 0.0000 0.0000 0.0000 1.0000 0.0000 0.0000 0.0000 0.0000 1.0000 0.0000 0.0000 0.0000 0.0000 1.0000
0.0000 0.0000 0.0000 0.0054 0.9821 0.0000 0.0000 0.0000 0.0001 0.9995 0.0000 0.0000 0.0000 0.0000 1.0000 0.0000 0.0000 0.0000 0.0000 1.0000 0.0000 0.0000 0.0000 0.0000 1.0000 0.0000 0.0000 0.0000 0.0000 1.0000 0.0000 0.0000 0.0000 0.0000 1.0000
0.0081 0.5376 0.0000 0.0001 0.6477 0.0006 0.7757 0.0000 0.0000 0.7159 0.0003 0.8109 0.0000 0.0000 0.5957 0.0004 0.6926 0.0000 0.0000 0.5730 0.0006 0.5678 0.0000 0.0000 0.5533 0.0010 0.4905 0.0000 0.0000 0.5320 0.0012 0.4941 0.0000 0.0000 0.6058
0.0609 0.0400 0.8758 0.0000 0.0037 0.0051 0.0063 0.9162 0.0000 0.0002 0.0049 0.0029 0.9070 0.0000 0.0000 0.0142 0.0016 0.9236 0.0000 0.0000 0.0450 0.0011 0.9559 0.0000 0.0000 0.0862 0.0006 0.9679 0.0000 0.0000 0.1068 0.0005 0.9617 0.0000 0.0000
0.0004 0.0000 0.5208 0.8743 0.0002 0.0000 0.0000 0.4639 0.9928 0.0000 0.0000 0.0000 0.2442 0.9998 0.0000 0.0000 0.0000 0.0680 1.0000 0.0000 0.0000 0.0000 0.0293 1.0000 0.0000 0.0000 0.0000 0.0271 1.0000 0.0000 0.0000 0.0000 0.0423 1.0000 0.0000
0.0014 0.9918 0.0000 0.0017 0.0590 0.0000 0.9995 0.0000 0.0001 0.0180 0.0000 0.9998 0.0000 0.0000 0.0095 0.0000 0.9999 0.0000 0.0000 0.0052 0.0000 0.9999 0.0000 0.0000 0.0023 0.0000 1.0000 0.0000 0.0000 0.0009 0.0000 1.0000 0.0000 0.0000 0.0006
0.0296 0.9014 0.0000 0.0063 0.0335 0.0046 0.9825 0.0000 0.0002 0.0101 0.0023 0.9930 0.0000 0.0000 0.0031 0.0017 0.9965 0.0000 0.0000 0.0010 0.0014 0.9979 0.0000 0.0000 0.0006 0.0011 0.9988 0.0000 0.0000 0.0004 0.0009 0.9993 0.0000 0.0000 0.0003
0.0000 0.0002 0.0000 0.0013 0.9965 0.0000 0.0000 0.0000 0.0000 0.9999 0.0000 0.0000 0.0000 0.0000 1.0000 0.0000 0.0000 0.0000 0.0000 1.0000 0.0000 0.0000 0.0000 0.0000 1.0000 0.0000 0.0000 0.0000 0.0000 1.0000 0.0000 0.0000 0.0000 0.0000 1.0000
0.0000 0.0000 0.5211 0.0722 0.3009 0.0000 0.0000 0.7274 0.0196 0.3254 0.0000 0.0000 0.8280 0.0016 0.2666 0.0000 0.0000 0.8631 0.0001 0.2228 0.0000 0.0000 0.8954 0.0000 0.2354 0.0000 0.0000 0.9252 0.0000 0.1939 0.0000 0.0000 0.9537 0.0000 0.1295
0.0000 0.0000 0.0009 0.1461 0.9635 0.0000 0.0000 0.0000 0.0347 0.9924 0.0000 0.0000 0.0000 0.0029 0.9992 0.0000 0.0000 0.0000 0.0001 1.0000 0.0000 0.0000 0.0000 0.0000 1.0000 0.0000 0.0000 0.0000 0.0000 1.0000 0.0000 0.0000 0.0000 0.0000 1.0000
0.0001 0.0000 0.8773 0.0203 0.0548 0.0000 0.0000 0.9396 0.0005 0.1505 0.0000 0.0000 0.9819 0.0000 0.2704 0.0000 0.0000 0.9930 0.0000 0.3304 0.0000 0.0000 0.9980 0.0000 0.2682 0.0000 0.0000 0.9993 0.0000 0.1827 0.0000 0.0000 0.9996 0.0000 0.1135
0.0000 0.0000 0.0009 0.2579 0.9487 0.0000 0.0000 0.0000 0.1413 0.9821 0.0000 0.0000 0.0000 0.0269 0.9979 0.0000 0.0000 0.0000 0.0021 0.9999 0.0000 0.0000 0.0000 0.0001 1.0000 0.0000 0.0000 0.0000 0.0000 1.0000 0.0000 0.0000 0.0000 0.0000 1.0000
0.0000 0.0000 0.0029 0.1186 0.8220 0.0000 0.0000 0.0002 0.0849 0.9057 0.0000 0.0000 0.0000 0.0466 0.9627 0.0000 0.0000 0.0000 0.0318 0.9963 0.0000 0.0000 0.0000 0.0206 0.9998 0.0000 0.0000 0.0000 0.0160 1.0000 0.0000 0.0000 0.0000 0.0135 1.0000
0.0000 0.0000 0.3216 0.7928 0.1383 0.0000 0.0000 0.7855 0.6906 0.0170 0.0000 0.0000 0.9524 0.4184 0.0014 0.0000 0.0000 0.9928 0.1473 0.0002 0.0000 0.0000 0.9992 0.0310 0.0000 0.0000 0.0000 0.9999 0.0062 0.0000 0.0000 0.0000 1.0000 0.0014 0.0000
0.0000 0.0000 0.0096 0.5404 0.3535 0.0000 0.0000 0.0013 0.9239 0.0989 0.0000 0.0000 0.0002 0.9914 0.0083 0.0000 0.0000 0.0001 0.9992 0.0009 0.0000 0.0000 0.0000 0.9999 0.0001 0.0000 0.0000 0.0001 1.0000 0.0000 0.0000 0.0000 0.0001 1.0000 0.0000
0.0000 0.0000 0.0077 0.0781 0.9545 0.0000 0.0000 0.0017 0.0013 0.9973 0.0000 0.0000 0.0003 0.0000 1.0000 0.0000 0.0000 0.0001 0.0000 1.0000 0.0000 0.0000 0.0000 0.0000 1.0000 0.0000 0.0000 0.0000 0.0000 1.0000 0.0000 0.0000 0.0000 0.0000 1.0000
0.1590 0.1699 0.0000 0.0024 0.1730 0.0747 0.0711 0.0000 0.0000 0.4644 0.0396 0.0344 0.0000 0.0000 0.7323 0.0296 0.0130 0.0000 0.0000 0.9167 0.0151 0.0073 0.0000 0.0000 0.9849 0.0095 0.0043 0.0000 0.0000 0.9970 0.0065 0.0031 0.0000 0.0000 0.9991
0.0000 0.0000 0.0027 0.0240 0.9715 0.0000 0.0000 0.0002 0.0024 0.9977 0.0000 0.0000 0.0000 0.0001 0.9999 0.0000 0.0000 0.0000 0.0000 1.0000 0.0000 0.0000 0.0000 0.0000 1.0000 0.0001 0.0000 0.0000 0.0000 1.0000 0.0003 0.0000 0.0000 0.0000 1.0000
0.0281 0.0016 0.0000 0.0000 0.9913 0.0087 0.0001 0.0000 0.0000 0.9997 0.0079 0.0000 0.0000 0.0000 1.0000 0.0133 0.0000 0.0000 0.0000 1.0000 0.0181 0.0000 0.0000 0.0000 1.0000 0.0269 0.0000 0.0000 0.0000 1.0000 0.0367 0.0000 0.0000 0.0000 1.0000
0.0002 0.7406 0.0033 0.0004 0.0319 0.0000 0.6555 0.0000 0.0001 0.0281 0.0000 0.6211 0.0000 0.0000 0.0250 0.0000 0.6380 0.0000 0.0000 0.0595 0.0000 0.6638 0.0000 0.0000 0.1337 0.0000 0.7068 0.0000 0.0000 0.4344 0.0000 0.6905 0.0000 0.0000 0.7886
0.0025 0.0159 0.0000 0.0000 0.9910 0.0002 0.0044 0.0000 0.0000 0.9992 0.0001 0.0008 0.0000 0.0000 0.9999 0.0002 0.0001 0.0000 0.0000 1.0000 0.0003 0.0000 0.0000 0.0000 1.0000 0.0006 0.0000 0.0000 0.0000 1.0000 0.0010 0.0000 0.0000 0.0000 1.0000
0.0001 0.0000 0.0000 0.0156 0.9744 0.0000 0.0000 0.0000 0.0005 0.9978 0.0000 0.0000 0.0000 0.0000 0.9999 0.0000 0.0000 0.0000 0.0000 1.0000 0.0000 0.0000 0.0000 0.0000 1.0000 0.0000 0.0000 0.0000 0.0000 1.0000 0.0001 0.0000 0.0000 0.0000 1.0000
0.2605 0.0000 0.0000 0.0228 0.2073 0.2100 0.0000 0.0000 0.0009 0.3651 0.3659 0.0000 0.0000 0.0000 0.3883 0.5484 0.0000 0.0000 0.0000 0.4811 0.6854 0.0000 0.0000 0.0000 0.6673 0.7564 0.0000 0.0000 0.0000 0.8146 0.8119 0.0000 0.0000 0.0000 0.8897
0.0000 0.0005 0.0000 0.0143 0.9914 0.0000 0.0001 0.0000 0.0008 0.9994 0.0000 0.0000 0.0000 0.0000 1.0000 0.0000 0.0000 0.0000 0.0000 1.0000 0.0000 0.0000 0.0000 0.0000 1.0000 0.0000 0.0000 0.0000 0.0000 1.0000 0.0000 0.0000 0.0000 0.0000 1.0000
0.0000 0.0000 0.0049 0.1531 0.9040 0.0000 0.0000 0.0014 0.0408 0.9725 0.0000 0.0000 0.0002 0.0079 0.9877 0.0000 0.0000 0.0000 0.0008 0.9987 0.0000 0.0000 0.0000 0.0001 0.9999 0.0000 0.0000 0.0000 0.0000 1.0000 0.0000 0.0000 0.0000 0.0000 1.0000
0.0000 0.0001 0.0000 0.0117 0.9925 0.0000 0.0000 0.0000 0.0013 0.9997 0.0000 0.0000 0.0000 0.0000 1.0000 0.0000 0.0000 0.0000 0.0000 1.0000 0.0000 0.0000 0.0000 0.0000 1.0000 0.0000 0.0000 0.0000 0.0000 1.0000 0.0000 0.0000 0.0000 0.0000 1.0000
0.0000 0.0002 0.9473 0.0003 0.2102 0.0000 0.0000 0.9916 0.0000 0.2108 0.0000 0.0000 0.9917 0.0000 0.3989 0.0000 0.0000 0.9957 0.0000 0.3844 0.0000 0.0000 0.9966 0.0000 0.3644 0.0000 0.0000 0.9967 0.0000 0.3972 0.0000 0.0000 0.9960 0.0000 0.4724
0.0062 0.2974 0.0000 0.0002 0.7548 0.0009 0.1357 0.0000 0.0000 0.9698 0.0007 0.0371 0.0000 0.0000 0.9944 0.0008 0.0067 0.0000 0.0000 0.9989 0.0008 0.0017 0.0000 0.0000 0.9999 0.0009 0.0006 0.0000 0.0000 1.0000 0.0009 0.0003 0.0000 0.0000 1.0000
0.0000 0.0000 0.0127 0.9577 0.0128 0.0000 0.0000 0.0040 0.9964 0.0004 0.0000 0.0000 0.0004 0.9999 0.0000 0.0000 0.0000 0.0000 1.0000 0.0000 0.0000 0.0000 0.0000 1.0000 0.0000 0.0000 0.0000 0.0000 1.0000 0.0000 0.0000 0.0000 0.0000 1.0000 0.0000
0.1595 0.8859 0.0000 0.0074 0.0128 0.0733 0.9886 0.0000 0.0006 0.0003 0.1174 0.9969 0.0000 0.0001 0.0000 0.2109 0.9983 0.0000 0.0000 0.0000 0.2481 0.9992 0.0000 0.0000 0.0000 0.2750 0.9995 0.0000 0.0000 0.0000 0.2547 0.9997 0.0000 0.0000 0.0000
0.0001 0.0000 0.9961 0.0012 0.0521 0.0000 0.0000 0.9999 0.0000 0.0295 0.0000 0.0000 1.0000 0.0000 0.0212 0.0000 0.0000 1.0000 0.0000 0.0069 0.0000 0.0000 1.0000 0.0000 0.0034 0.0000 0.0000 1.0000 0.0000 0.0012 0.0000 0.0000 1.0000 0.0000 0.0005
0.0000 0.0004 0.9979 0.0003 0.0110 0.0000 0.0000 1.0000 0.0000 0.0003 0.0000 0.0000 1.0000 0.0000 0.0000 0.0000 0.0000 1.0000 0.0000 0.0000 0.0000 0.0000 1.0000 0.0000 0.0000 0.0000 0.0000 1.0000 0.0000 0.0000 0.0000 0.0000 1.0000 0.0000 0.0000
0.0000 0.0000 0.0000 0.9827 0.0553 0.0000 0.0000 0.0000 0.9995 0.0142 0.0000 0.0000 0.0000 1.0000 0.0016 0.0000 0.0000 0.0000 1.0000 0.0001 0.0000 0.0000 0.0000 1.0000 0.0000 0.0000 0.0000 0.0000 1.0000 0.0000 0.0000 0.0005 0.0000 1.0000 0.0000
0.0001 0.0000 0.0403 0.9893 0.0001 0.0000 0.0000 0.0023 0.9999 0.0000 0.0000 0.0000 0.0001 1.0000 0.0000 0.0000 0.0000 0.0000 1.0000 0.0000 0.0000 0.0000 0.0000 1.0000 0.0000 0.0000 0.0000 0.0000 1.0000 0.0000 0.0000 0.0000 0.0000 1.0000 0.0000
0.0004 0.0398 0.0000 0.0000 0.9936 0.0000 0.0169 0.0000 0.0000 0.9996 0.0000 0.0045 0.0000 0.0000 0.9999 0.0000 0.0005 0.0000 0.0000 1.0000 0.0000 0.0001 0.0000 0.0000 1.0000 0.0001 0.0000 0.0000 0.0000 1.0000 0.0001 0.0000 0.0000 0.0000 1.0000
0.0000 0.0003 0.3458 0.0004 0.3750 0.0000 0.0000 0.3713 0.0000 0.1281 0.0000 0.0000 0.3406 0.0000 0.0348 0.0000 0.0000 0.3486 0.0000 0.0135 0.0000 0.0000 0.4647 0.0000 0.0038 0.0000 0.0000 0.5773 0.0000 0.0010 0.0000 0.0000 0.5877 0.0000 0.0003
0.0000 0.0001 0.0506 0.0005 0.9180 0.0000 0.0000 0.0056 0.0000 0.9806 0.0000 0.0000 0.0005 0.0000 0.9989 0.0000 0.0000 0.0000 0.0000 1.0000 0.0000 0.0000 0.0000 0.0000 1.0000 0.0000 0.0000 0.0000 0.0000 1.0000 0.0000 0.0000 0.0000 0.0000 1.0000
0.0000 0.0000 0.0033 0.1301 0.8637 0.0000 0.0000 0.0005 0.0390 0.9728 0.0000 0.0000 0.0001 0.0032 0.9960 0.0000 0.0000 0.0000 0.0002 0.9998 0.0000 0.0000 0.0000 0.0000 1.0000 0.0000 0.0000 0.0000 0.0000 1.0000 0.0000 0.0000 0.0000 0.0000 1.0000
0.0010 0.0000 0.0000 0.9992 0.0001 0.0000 0.0000 0.0000 1.0000 0.0000 0.0000 0.0000 0.0000 1.0000 0.0000 0.0000 0.0000 0.0000 1.0000 0.0000 0.0000 0.0000 0.0000 1.0000 0.0000 0.0000 0.0000 0.0000 1.0000 0.0000 0.0000 0.0002 0.0000 1.0000 0.0000
0.0000 0.0000 0.0000 0.1258 0.9353 0.0000 0.0000 0.0000 0.0578 0.9840 0.0000 0.0000 0.0000 0.0091 0.9961 0.0000 0.0000 0.0000 0.0011 0.9994 0.0000 0.0000 0.0000 0.0001 1.0000 0.0000 0.0000 0.0000 0.0000 1.0000 0.0000 0.0000 0.0000 0.0000 1.0000
0.0002 0.0000 0.0000 0.0045 0.9885 0.0000 0.0000 0.0000 0.0001 0.9995 0.0000 0.0000 0.0000 0.0000 1.0000 0.0000 0.0000 0.0000 0.0000 1.0000 0.0001 0.0000 0.0000 0.0000 1.0000 0.0002 0.0000 0.0000 0.0000 1.0000 0.0006 0.0000 0.0000 0.0000 1.0000
0.0053 0.1833 0.0000 0.0003 0.6673 0.0004 0.1371 0.0000 0.0000 0.9713 0.0001 0.0432 0.0000 0.0000 0.9984 0.0001 0.0060 0.0000 0.0000 0.9999 0.0001 0.0009 0.0000 0.0000 1.0000 0.0002 0.0004 0.0000 0.0000 1.0000 0.0002 0.0003 0.0000 0.0000 1.0000
0.0000 0.0001 0.0000 0.0056 0.9657 0.0000 0.0000 0.0000 0.0001 0.9989 0.0000 0.0000 0.0000 0.0000 1.0000 0.0000 0.0000 0.0000 0.0000 1.0000 0.0000 0.0000 0.0000 0.0000 1.0000 0.0000 0.0000 0.0000 0.0000 1.0000 0.0000 0.0000 0.0000 0.0000 1.0000
0.0000 0.0000 0.8220 0.2379 0.0440 0.0000 0.0000 0.9558 0.2071 0.0044 0.0000 0.0000 0.9779 0.0975 0.0003 0.0000 0.0000 0.9949 0.0226 0.0000 0.0000 0.0000 0.9996 0.0048 0.0000 0.0000 0.0000 1.0000 0.0011 0.0000 0.0000 0.0000 1.0000 0.0003 0.0000
0.0000 0.0000 0.0094 0.0305 0.9507 0.0000 0.0000 0.0040 0.0019 0.9834 0.0000 0.0000 0.0017 0.0000 0.9974 0.0000 0.0000 0.0010 0.0000 0.9998 0.0000 0.0000 0.0010 0.0000 1.0000 0.0000 0.0000 0.0014 0.0000 1.0000 0.0001 0.0000 0.0027 0.0000 1.0000
